1.4629 1.7974
1.4984 1.5395
0.5565 0.7249
0.8081 1.9161
1.4016 0.8231
1.4597 1.6336
1.0113 1.3635
1.3565 0.7371
0.9339 1.2775
0.6919 1.1792
0.9919 1.1915
0.2629 1.5395
0.9145 1.2570
0.9726 1.4167
0.6145 1.2488
1.3855 1.8629
0.9403 1.4658
1.2242 1.4167
1.4048 0.8804
0.8113 1.4781
1.0984 1.8465
1.4919 1.1096
1.0371 1.4944
0.5403 1.0769
0.2565 0.8193
0.2823 1.4044
0.5887 1.1670
0.9339 1.4617
1.3661 0.8026
0.2984 0.8722
0.8597 1.4617
1.1565 0.7044
0.3081 1.6050
1.2532 0.7208
0.2468 0.9705
1.3048 1.8956
0.7306 1.3430
0.4694 1.8629
0.7145 0.6798
0.8726 1.3184
0.5758 1.2365
0.4887 1.1547
0.8339 1.1997
1.2048 1.5518
1.0919 0.6512
0.6468 1.0892
1.2823 0.7003
1.2242 1.5599
0.2597 0.8681
1.2790 1.5190
1.0661 1.2898
0.9629 0.6471
1.2306 1.8915
1.3177 0.7126
0.7113 1.2202
0.4016 1.8544
0.8919 1.3102
1.1887 0.6839
1.3468 1.7810
0.6629 1.9079
1.5435 1.5354
0.2855 0.8599
1.5177 1.3266
1.5145 1.6132
0.2085 0.8319
0.5823 1.1137
1.5145 1.3553
1.0468 0.7003
0.2565 1.0892
0.8790 1.4863
1.3758 0.7740
0.2210 1.1912
0.2210 1.0368
0.2887 1.5354
1.3210 0.7617
0.6919 1.4330
0.4597 1.8056
1.5113 1.2038
1.0306 0.6675
0.8984 0.6553
1.4113 1.8547
0.2371 1.4576
0.6306 1.3430
1.1339 1.5231
1.4919 1.1588
1.1210 1.2816
1.0177 0.6675
1.4919 1.7237
0.3371 0.8190
0.8081 1.3594
0.6435 0.6962
0.8016 1.5108
0.5758 1.2980
1.1081 1.4535
1.4371 1.7933
0.6016 1.8874
0.2500 1.1956
0.3048 1.6404
0.4532 1.8833
0.8306 0.6594
1.5274 1.4699
0.7210 1.9038
1.1855 1.6459
1.0565 1.5968
0.3726 0.7740
0.2339 1.0114
0.3823 1.8219
0.8823 1.3675
1.3081 1.8997
0.6210 1.0646
0.9081 1.0974
1.4597 1.0155
0.3113 1.6787
0.8435 1.1260
1.2145 1.4985
0.7629 1.5231
0.3823 0.7842
1.5274 1.6254
0.4016 1.7687
0.5500 1.8792
0.2306 1.1670
1.4274 0.9336
1.4790 1.5968
1.0887 1.5395
0.5210 1.8670
0.5629 0.7699
1.2468 1.8219
0.5790 1.3635
0.8081 1.2447
0.6532 1.9202
0.8339 1.5436
0.5468 1.8792
1.4661 0.9664
1.3629 0.7453
1.4887 1.4003
1.5242 1.3348
1.3952 0.8599
0.6823 0.6839
1.2242 1.4167
0.5726 1.1874
0.5339 1.9038
1.0081 1.4208
1.0274 1.6050
1.4855 1.7523
0.2565 1.2038
1.4468 1.0073
0.9145 0.7003
1.4661 1.0646
0.5919 0.7208
0.7113 1.2570
1.4468 0.8968
0.2597 1.4614
0.2500 1.5640
0.6145 1.0442
1.2565 1.4658
0.5306 0.7822
0.8952 1.3348
1.5081 1.2120
0.9661 1.6132
0.5919 1.0687
0.9919 1.1792
0.6371 1.8956
0.2887 0.8190
0.7758 0.7289
0.6661 0.7494
1.1919 1.4126
0.4597 0.7494
0.5210 1.2284
0.6887 1.4208
1.1242 1.8874
1.2919 0.7617
0.9177 1.8997
0.3629 0.8026
1.1823 1.4822
0.2468 1.3143
1.1468 0.6839
0.8306 1.0523
0.8565 0.6553
0.9468 1.8956
0.8694 1.1178
0.7145 1.9243
0.6790 1.3880
0.7952 1.8956
1.4468 1.7155
0.6339 1.9079
0.8177 1.8833
1.2081 0.6962
0.7081 0.6798
0.2403 1.0646
0.5597 1.0114
0.4855 0.7494
1.1823 1.3512
0.6435 0.7085
1.4758 1.2120
0.8726 1.8711
0.2371 1.3389
0.7339 1.1056
0.2790 1.6746
1.3358 1.8501
1.3661 1.8015
1.1919 1.8711
0.8823 0.6757
1.5371 1.4208
0.7758 1.1056
1.4016 0.8272
1.1984 1.3716
0.8371 1.5845
0.5597 1.3430
0.2661 0.9787
0.7339 0.6921
0.4435 0.7904
0.2435 1.3281
1.0500 1.2161
1.4274 1.7278
0.8145 1.3389
1.0242 1.8874
0.3210 1.7564
0.6081 1.4781
